   9.900990099010e-02
   1.980198019802e-01
   2.970297029703e-01
   3.960396039604e-01
   4.950495049505e-01
   5.940594059406e-01
   6.930693069307e-01
   7.920792079208e-01
   8.910891089109e-01
   9.900990099010e-01
   1.089108910891e+00
   1.188118811881e+00
   1.287128712871e+00
   1.386138613861e+00
   1.485148514851e+00
   1.584158415842e+00
   1.683168316832e+00
   1.782178217822e+00
   1.881188118812e+00
   1.980198019802e+00
   2.079207920792e+00
   2.178217821782e+00
   2.277227722772e+00
   2.376237623762e+00
   2.475247524752e+00
   2.574257425743e+00
   2.673267326733e+00
   2.772277227723e+00
   2.871287128713e+00
   2.970297029703e+00
   3.069306930693e+00
   3.168316831683e+00
   3.267326732673e+00
   3.366336633663e+00
   3.465346534653e+00
   3.564356435644e+00
   3.663366336634e+00
   3.762376237624e+00
   3.861386138614e+00
   3.960396039604e+00
   4.059405940594e+00
   4.158415841584e+00
   4.257425742574e+00
   4.356435643564e+00
   4.455445544554e+00
   4.554455445545e+00
   4.653465346535e+00
   4.752475247525e+00
   4.851485148515e+00
   4.950495049505e+00
   5.049504950495e+00
   5.148514851485e+00
   5.247524752475e+00
   5.346534653465e+00
   5.445544554455e+00
   5.544554455446e+00
   5.643564356436e+00
   5.742574257426e+00
   5.841584158416e+00
   5.940594059406e+00
   6.039603960396e+00
   6.138613861386e+00
   6.237623762376e+00
   6.336633663366e+00
   6.435643564356e+00
   6.534653465347e+00
   6.633663366337e+00
   6.732673267327e+00
   6.831683168317e+00
   6.930693069307e+00
   7.029702970297e+00
   7.128712871287e+00
   7.227722772277e+00
   7.326732673267e+00
   7.425742574257e+00
   7.524752475248e+00
   7.623762376238e+00
   7.722772277228e+00
   7.821782178218e+00
   7.920792079208e+00
   8.019801980198e+00
   8.118811881188e+00
   8.217821782178e+00
   8.316831683168e+00
   8.415841584158e+00
   8.514851485149e+00
   8.613861386139e+00
   8.712871287129e+00
   8.811881188119e+00
   8.910891089109e+00
   9.009900990099e+00
   9.108910891089e+00
   9.207920792079e+00
   9.306930693069e+00
   9.405940594059e+00
   9.504950495050e+00
   9.603960396040e+00
   9.702970297030e+00
   9.801980198020e+00
   9.900990099010e+00
