   3.607154000000e+02
   3.618304000000e+02
   3.547884000000e+02
   3.572354000000e+02
   3.570226000000e+02
   3.563844000000e+02
   3.564894000000e+02
   3.527144000000e+02
   3.507078000000e+02
   3.478188000000e+02
   3.491370000000e+02
   3.420804000000e+02
   3.422512000000e+02
   3.326512000000e+02
   3.322306000000e+02
   3.355272000000e+02
   3.278420000000e+02
   3.226056000000e+02
   3.252184000000e+02
   3.122380000000e+02
   3.144790000000e+02
   3.006860000000e+02
   2.934484000000e+02
   3.018338000000e+02
   2.855760000000e+02
   2.853114000000e+02
   2.839004000000e+02
   2.742274000000e+02
   2.665714000000e+02
   2.527524000000e+02
   2.366642000000e+02
   2.331260000000e+02
   2.403326000000e+02
   2.331732000000e+02
   2.167892000000e+02
   1.967446000000e+02
   2.037750000000e+02
   1.928638000000e+02
   1.878822000000e+02
   1.598284000000e+02
