   2.763071600000e+03
   5.562391800000e+03
   4.552626400000e+03
   5.054497400000e+03
   5.507002200000e+03
   5.485471600000e+03
   2.498172200000e+03
   2.394258000000e+03
   5.432056200000e+03
   5.458880400000e+03
   5.342205400000e+03
   4.642254800000e+03
   3.636953800000e+03
   1.299760400000e+03
   4.705759000000e+03
   5.027970200000e+03
   4.841658600000e+03
   4.299051000000e+03
   4.903773800000e+03
   4.581542200000e+03
   4.577166000000e+03
   4.000403000000e+03
   3.451211200000e+03
   3.920660800000e+03
   4.196429000000e+03
   4.146275400000e+03
   4.156829000000e+03
   3.086839000000e+03
   2.792642000000e+03
   2.152815400000e+03
   1.530631800000e+03
   1.701977200000e+03
   1.254044200000e+03
   1.177119000000e+03
   9.910600000000e+02
   1.400052800000e+03
   8.450430000000e+02
   9.593942000000e+02
   8.437092000000e+02
   7.992134000000e+02
