  -6.255852800000e+03
  -6.129388000000e+03
  -6.215466400000e+03
  -6.146207600000e+03
  -6.067288400000e+03
  -6.129920000000e+03
  -6.085127600000e+03
  -5.990347600000e+03
  -5.964373600000e+03
  -5.988068800000e+03
  -5.949926800000e+03
  -5.899732000000e+03
  -5.865355600000e+03
  -5.798494400000e+03
  -5.792216000000e+03
  -5.753472000000e+03
  -5.712171600000e+03
  -5.670998000000e+03
  -5.646698800000e+03
  -5.574950400000e+03
  -5.477903200000e+03
  -5.413964800000e+03
  -5.411105600000e+03
  -5.370915600000e+03
  -5.208959200000e+03
  -5.156244800000e+03
  -5.090586000000e+03
  -5.068223600000e+03
  -4.918280000000e+03
  -4.853549200000e+03
  -4.800678800000e+03
  -4.747626000000e+03
  -4.726998400000e+03
  -4.592449200000e+03
  -4.547149600000e+03
  -4.504636000000e+03
  -4.460176800000e+03
  -4.420292800000e+03
  -4.386796400000e+03
  -4.331495200000e+03
