  -1.074463440000e+04
  -1.105444040000e+04
  -1.086611280000e+04
  -1.087812840000e+04
  -1.090714400000e+04
  -1.085905520000e+04
  -1.046548360000e+04
  -1.033198760000e+04
  -1.070673120000e+04
  -1.064593200000e+04
  -1.057241680000e+04
  -1.039777640000e+04
  -1.021778280000e+04
  -9.852363200000e+03
  -1.021975120000e+04
  -1.018819640000e+04
  -1.011594200000e+04
  -9.955183600000e+03
  -9.965222000000e+03
  -9.854982000000e+03
  -9.777590400000e+03
  -9.588702000000e+03
  -9.409185600000e+03
  -9.410643600000e+03
  -9.358976000000e+03
  -9.273199600000e+03
  -9.192731600000e+03
  -8.905316400000e+03
  -8.806385600000e+03
  -8.586086000000e+03
  -8.457632400000e+03
  -8.378788000000e+03
  -8.243994000000e+03
  -8.198865600000e+03
  -8.112056400000e+03
  -8.042221200000e+03
  -7.944402800000e+03
  -7.842550000000e+03
  -7.770452000000e+03
  -7.678775600000e+03
