   1.470042555775e+00
   1.959920860406e+00
   1.053690935036e+00
   1.385361093474e+00
   1.361007624461e+00
   1.473108766469e+00
   1.385206474536e+00
   2.014431351717e+00
   1.481206204135e+00
   1.324940957325e+00
   1.614394746030e+00
   1.287293700907e+00
   1.412590711489e+00
   1.527341680459e+00
   1.402993419724e+00
   2.466144525816e+00
   1.877388860237e+00
   1.847841081904e+00
   1.417292015092e+00
   1.447354118503e+00
   1.935031824902e+00
   2.155395380140e+00
   1.855467440020e+00
   1.615899850691e+00
   2.167545490098e+00
   2.180737551793e+00
   2.228087812091e+00
   2.080379722182e+00
   2.313880775653e+00
   1.908223013223e+00
   2.079487813329e+00
   1.327337369761e+00
   1.718249587251e+00
   1.610226192381e+00
   1.783196397702e+00
   1.688027845138e+00
   1.327547277677e+00
   1.190694503969e+00
   1.219511168982e+00
   1.016946346372e+00
