   9.463757984000e-01
   8.369938479409e-01
   9.949086266453e-01
   9.314708238975e-01
   9.352198651408e-01
   8.871541900869e-01
   8.436159332947e-01
   9.092219482381e-01
   9.785217248901e-01
   9.880566315523e-01
   9.549653580829e-01
   1.103374057969e+00
   1.034097938618e+00
   1.252393163086e+00
   1.163370094650e+00
   1.152211993791e+00
   1.256295068484e+00
   1.316611668095e+00
   1.267996262248e+00
   1.445532135466e+00
   1.386377683167e+00
   1.659746425880e+00
   1.627785653690e+00
   1.437459467380e+00
   1.630768716915e+00
   1.662346560169e+00
   1.541530274870e+00
   1.533063412270e+00
   1.531403187866e+00
   1.559771161128e+00
   1.712574118967e+00
   1.630509788898e+00
   1.689530181214e+00
   1.526613713904e+00
   1.643732451311e+00
   1.677365605037e+00
   1.576020504240e+00
   1.553072989929e+00
   1.438547884023e+00
   1.303857493056e+00
