   2.116291384178e+00
   3.965744945329e+00
   1.612756827994e+00
   2.607773271732e+00
   3.429339554043e+00
   1.714082711250e+00
   2.193501945954e+00
   3.310025170191e+00
   3.159928318561e+00
   2.111902741752e+00
   2.015968592526e+00
   2.335163464741e+00
   2.323225483135e+00
   2.725679026407e+00
   2.161323442664e+00
   2.193605606259e+00
   1.973067179931e+00
   1.694836554978e+00
   1.733789807494e+00
   2.030008938087e+00
   2.747326714045e+00
   2.949335182574e+00
   2.002801456358e+00
   2.252941337059e+00
   2.910052984807e+00
   2.721590014569e+00
   2.534895447881e+00
   2.549530638783e+00
   2.304239079310e+00
   2.176550732830e+00
   2.007626780360e+00
   1.786927963524e+00
   1.911502444608e+00
   1.311789912242e+00
   1.629665992304e+00
   1.368938750997e+00
   1.312659182900e+00
   1.439609753351e+00
   1.286661073620e+00
   1.116290488858e+00
