   1.554227753550e+00
   5.914758353878e-01
   2.911657874117e+00
   1.000847086072e+00
   1.442628972373e+00
   7.151559634050e-01
   6.352315241903e-01
   7.389071680990e-01
   1.026072972514e+00
   9.891766512206e-01
   9.753030002744e-01
   1.480612205636e+00
   1.156343521855e+00
   2.362470865500e+00
   2.572622898384e+00
   1.361705034114e+00
   2.649445402962e+00
   2.784160846019e+00
   1.933621260451e+00
   4.678618775818e+00
   2.861396168634e+00
   4.911215612153e+00
   6.241445580650e+00
   3.457871465735e+00
   6.070781208219e+00
   6.334752084419e+00
   5.660351117471e+00
   6.054507445956e+00
   6.336031271849e+00
   7.821146503219e+00
   9.660397108223e+00
   9.078089669137e+00
   8.909644683710e+00
   7.558283390039e+00
   9.649038923882e+00
   1.006973680605e+01
   9.303063561282e+00
   9.006346329010e+00
   9.394623090216e+00
   8.821160993167e+00
