   3.929743588495e+02
   5.424325493785e+01
   2.364025901453e+02
   1.620857281162e+02
   6.090803282940e+01
   5.578141523856e+01
   4.514284937763e+02
   2.990442027630e+02
   4.728604011473e+01
   1.860000504852e+01
   4.545823019326e+01
   1.918772919402e+02
   3.741999267224e+02
   1.390491330609e+02
   1.603832399672e+02
   5.315189206727e+01
   1.040715671645e+02
   1.881603344564e+02
   4.796919989016e+01
   1.059085777737e+02
   8.281326189774e+01
   1.596803406526e+02
   1.963839117000e+02
   9.061997976489e+01
   6.496956750357e+01
   7.997389939353e+01
   2.800134956519e+01
   1.275403082972e+02
   1.127947903391e+02
   7.095489964807e+01
   5.745786272070e+01
   5.298718947823e+01
   4.835152024127e+01
   4.983424267222e+01
   4.276310528998e+01
   4.008408567676e+01
   2.492742195192e+01
   3.063267364838e+01
   2.306353269377e+01
   1.694648427477e+01
