   1.606765525969e+01
   3.548121875422e+01
   2.342383993175e+00
   9.467666564515e+00
   1.200774256401e+01
   8.769028171008e+00
   8.232740577495e+00
   2.197282127035e+01
   1.053440372197e+01
   2.576865854289e+00
   1.234490395614e+01
   5.787960155711e+00
   9.991130951985e+00
   8.970496637707e+00
   3.141275437679e+00
   4.188618406327e+01
   2.098481772893e+01
   1.322716429838e+01
   3.466646463644e+00
   4.612225263796e+00
   1.294942646581e+01
   2.520542513070e+01
   1.547915058426e+01
   8.175004562156e+00
   3.508411639048e+01
   3.526770236853e+01
   3.320567526843e+01
   2.931825913328e+01
   3.904628195993e+01
   2.864409063036e+01
   3.556583632679e+01
   2.723055063675e+01
   2.643412991472e+01
   2.840789673248e+01
   3.169222343177e+01
   2.557365065944e+01
   2.245555168831e+01
   1.558149939669e+01
   1.941611761576e+01
   1.276903132650e+01
