   1.413463000000e+03
   1.349933000000e+03
   1.436171400000e+03
   1.404102400000e+03
   1.399854200000e+03
   1.399893000000e+03
   1.393843000000e+03
   1.346115400000e+03
   1.370349800000e+03
   1.385514200000e+03
   1.346773400000e+03
   1.364883000000e+03
   1.340440800000e+03
   1.319138600000e+03
   1.338348000000e+03
   1.181415800000e+03
   1.237353600000e+03
   1.254358000000e+03
   1.299422000000e+03
   1.255865200000e+03
   1.201144000000e+03
   1.109068600000e+03
   1.163710400000e+03
   1.174754200000e+03
   9.610570000000e+02
   9.814430000000e+02
   9.359228000000e+02
   1.021397400000e+03
   8.024310000000e+02
   8.485768000000e+02
   6.967918000000e+02
   5.275300000000e+02
   7.626108000000e+02
   5.704420000000e+02
   6.247258000000e+02
   6.621238000000e+02
   3.896800000000e+02
   4.834088000000e+02
   4.283102000000e+02
   3.141432000000e+02
