   3.204066200000e+03
   2.645347000000e+03
   3.218234200000e+03
   2.988998400000e+03
   2.680936200000e+03
   3.191650200000e+03
   3.076036200000e+03
   2.753607800000e+03
   2.751807800000e+03
   3.071605600000e+03
   3.042034800000e+03
   2.997849400000e+03
   2.982598200000e+03
   2.836553800000e+03
   2.947001400000e+03
   2.879112800000e+03
   2.909289400000e+03
   2.894696000000e+03
   2.887963200000e+03
   2.777683400000e+03
   2.568052400000e+03
   2.413895600000e+03
   2.627789400000e+03
   2.589037800000e+03
   2.061540000000e+03
   2.093610600000e+03
   1.917880400000e+03
   2.025726600000e+03
   1.464258200000e+03
   1.382941600000e+03
   1.399894000000e+03
   1.368806000000e+03
   1.440319000000e+03
   9.049860000000e+02
   7.843388000000e+02
   7.435442000000e+02
   6.697684000000e+02
   7.347860000000e+02
   6.341758000000e+02
   5.548424000000e+02
