  -6.953984000000e+02
  -6.932436000000e+02
  -6.892708000000e+02
  -6.862468000000e+02
  -6.852860000000e+02
  -6.818908000000e+02
  -6.803008000000e+02
  -6.746584000000e+02
  -6.712240000000e+02
  -6.664028000000e+02
  -6.669500000000e+02
  -6.573456000000e+02
  -6.554688000000e+02
  -6.461320000000e+02
  -6.447368000000e+02
  -6.436004000000e+02
  -6.366472000000e+02
  -6.291452000000e+02
  -6.291784000000e+02
  -6.203876000000e+02
  -6.167368000000e+02
  -6.053088000000e+02
  -5.991716000000e+02
  -5.986496000000e+02
  -5.894060000000e+02
  -5.867584000000e+02
  -5.836020000000e+02
  -5.726936000000e+02
  -5.671148000000e+02
  -5.561012000000e+02
  -5.482456000000e+02
  -5.412120000000e+02
  -5.434680000000e+02
  -5.339512000000e+02
  -5.261848000000e+02
  -5.131708000000e+02
  -5.128304000000e+02
  -5.041744000000e+02
  -5.016596000000e+02
  -4.864440000000e+02
