  -2.781045200000e+03
  -2.751054800000e+03
  -2.761599600000e+03
  -2.743458800000e+03
  -2.734842800000e+03
  -2.720242400000e+03
  -2.707823600000e+03
  -2.680214800000e+03
  -2.677194400000e+03
  -2.662148400000e+03
  -2.639556800000e+03
  -2.636369600000e+03
  -2.614334800000e+03
  -2.587490400000e+03
  -2.583818800000e+03
  -2.530018400000e+03
  -2.525463600000e+03
  -2.510103200000e+03
  -2.517039200000e+03
  -2.480660000000e+03
  -2.449546000000e+03
  -2.396959600000e+03
  -2.404938000000e+03
  -2.386286000000e+03
  -2.312342000000e+03
  -2.306882400000e+03
  -2.266915600000e+03
  -2.288311600000e+03
  -2.201804000000e+03
  -2.195856000000e+03
  -2.142384800000e+03
  -2.084582800000e+03
  -2.120387600000e+03
  -2.063188800000e+03
  -2.057151600000e+03
  -2.044468400000e+03
  -1.979884400000e+03
  -1.976955200000e+03
  -1.948355200000e+03
  -1.907942800000e+03
