   4.941589403774e+00
   3.177147986363e+00
   4.910527794873e+00
   4.539365417889e+00
   3.502060157447e+00
   3.408315506774e+00
   4.724719741692e+00
   4.004958319375e+00
   2.785719366411e+00
   2.541019249293e+00
   2.664360368950e+00
   4.190175651850e+00
   5.275819581315e+00
   2.271178430068e+00
   4.249361068705e+00
   3.235446846534e+00
   3.476588085507e+00
   4.119155613128e+00
   3.085562491594e+00
   3.638047297850e+00
   3.426838868024e+00
   3.851693101544e+00
   3.975067915293e+00
   3.252139608448e+00
   3.235829735926e+00
   3.197775010184e+00
   2.683676720822e+00
   3.257395044995e+00
   2.444714443851e+00
   2.099651542669e+00
   1.685139256922e+00
   1.632859426856e+00
   1.627198799000e+00
   1.614397009462e+00
   1.442688366482e+00
   1.501394097012e+00
   1.321844035559e+00
   1.323512395665e+00
   1.205728416597e+00
   1.156261806767e+00
