   2.099929766911e+01
   1.562704544418e+02
   7.348476008404e+00
   6.251349098450e+01
   1.547710937676e+02
   5.692490651245e+00
   3.347385488562e+01
   1.050857709646e+02
   1.110440326372e+02
   1.452957867884e+01
   1.649579728716e+01
   2.402439138304e+01
   2.052810627655e+01
   4.397930251374e+01
   1.795912119592e+01
   3.190772826379e+01
   1.203859807286e+01
   7.302839372956e+00
   6.826232081327e+00
   1.955190646941e+01
   4.284293942931e+01
   8.456293949757e+01
   1.658293190303e+01
   2.513142072463e+01
   8.133450371005e+01
   7.111360148844e+01
   6.628844069802e+01
   5.603709056946e+01
   6.723236341672e+01
   7.122600978853e+01
   4.731886793641e+01
   5.316115146324e+01
   5.161057786992e+01
   3.430352333198e+01
   4.100500140274e+01
   3.008601575727e+01
   2.534425345147e+01
   3.404420665815e+01
   2.831638425095e+01
   1.966002832896e+01
