   2.000000000000e+00
   2.010256410256e+00
   2.020512820513e+00
   2.030769230769e+00
   2.041025641026e+00
   2.051282051282e+00
   2.061538461538e+00
   2.071794871795e+00
   2.082051282051e+00
   2.092307692308e+00
   2.102564102564e+00
   2.112820512821e+00
   2.123076923077e+00
   2.133333333333e+00
   2.143589743590e+00
   2.153846153846e+00
   2.164102564103e+00
   2.174358974359e+00
   2.184615384615e+00
   2.194871794872e+00
   2.205128205128e+00
   2.215384615385e+00
   2.225641025641e+00
   2.235897435897e+00
   2.246153846154e+00
   2.256410256410e+00
   2.266666666667e+00
   2.276923076923e+00
   2.287179487179e+00
   2.297435897436e+00
   2.307692307692e+00
   2.317948717949e+00
   2.328205128205e+00
   2.338461538462e+00
   2.348717948718e+00
   2.358974358974e+00
   2.369230769231e+00
   2.379487179487e+00
   2.389743589744e+00
   2.400000000000e+00
