   5.833837600000e+03
   5.805569400000e+03
   5.781612400000e+03
   5.763509400000e+03
   5.739363000000e+03
   5.715020200000e+03
   5.676725000000e+03
   5.652739000000e+03
   5.613259200000e+03
   5.595230800000e+03
   5.544063800000e+03
   5.510052200000e+03
   5.474465800000e+03
   5.436999600000e+03
   5.378369600000e+03
   5.308632400000e+03
   5.289484400000e+03
   5.212787400000e+03
   5.193732400000e+03
   5.059260200000e+03
   4.908093600000e+03
   4.857741400000e+03
   4.736937200000e+03
   4.632216000000e+03
   4.629145800000e+03
   4.134290400000e+03
   4.340276200000e+03
   3.696366000000e+03
   3.534963800000e+03
   2.174259200000e+03
   2.321650000000e+03
   1.560712400000e+03
   2.432266800000e+03
   1.884147200000e+03
   1.564925400000e+03
   9.606236000000e+02
   1.050855800000e+03
   8.541362000000e+02
   9.848736000000e+02
   9.032018000000e+02
