   3.649618000000e+02
   3.641134000000e+02
   3.599076000000e+02
   3.596434000000e+02
   3.587676000000e+02
   3.567336000000e+02
   3.551070000000e+02
   3.544412000000e+02
   3.539414000000e+02
   3.510884000000e+02
   3.484422000000e+02
   3.415916000000e+02
   3.421112000000e+02
   3.428468000000e+02
   3.395732000000e+02
   3.356552000000e+02
   3.293086000000e+02
   3.237166000000e+02
   3.219790000000e+02
   3.051502000000e+02
   3.212208000000e+02
   3.016388000000e+02
   3.029154000000e+02
   2.922832000000e+02
   3.032854000000e+02
   2.863664000000e+02
   2.806122000000e+02
   2.574764000000e+02
   2.594550000000e+02
   2.744252000000e+02
   2.561160000000e+02
   2.491654000000e+02
   2.417682000000e+02
   2.283914000000e+02
   2.274678000000e+02
   2.047324000000e+02
   2.051178000000e+02
   2.006932000000e+02
   1.824652000000e+02
   1.786236000000e+02
