   1.458591000000e+03
   1.454455600000e+03
   1.449174000000e+03
   1.439942000000e+03
   1.433003200000e+03
   1.428009800000e+03
   1.421772800000e+03
   1.410696200000e+03
   1.409081400000e+03
   1.400565200000e+03
   1.377959800000e+03
   1.380102000000e+03
   1.369377200000e+03
   1.366246000000e+03
   1.347329400000e+03
   1.331118000000e+03
   1.321716800000e+03
   1.310342600000e+03
   1.296178600000e+03
   1.243828400000e+03
   1.227241600000e+03
   1.224351400000e+03
   1.144355400000e+03
   1.119000000000e+03
   1.148146600000e+03
   1.108567000000e+03
   1.009281800000e+03
   1.019599000000e+03
   1.016702600000e+03
   7.778726000000e+02
   9.803298000000e+02
   8.083218000000e+02
   6.853722000000e+02
   7.010232000000e+02
   5.769574000000e+02
   5.190162000000e+02
   4.485054000000e+02
   4.611836000000e+02
   3.577968000000e+02
   4.390696000000e+02
