   3.279384600000e+03
   3.265194600000e+03
   3.252869600000e+03
   3.242561800000e+03
   3.227293800000e+03
   3.201424800000e+03
   3.196524400000e+03
   3.186608800000e+03
   3.158158800000e+03
   3.146416600000e+03
   3.121802200000e+03
   3.100230800000e+03
   3.075204600000e+03
   3.059295200000e+03
   3.021001200000e+03
   2.997161600000e+03
   2.957399200000e+03
   2.943099000000e+03
   2.927594800000e+03
   2.873482800000e+03
   2.774973800000e+03
   2.697081800000e+03
   2.755896200000e+03
   2.609495400000e+03
   2.566642400000e+03
   2.557516000000e+03
   2.044703400000e+03
   2.337739600000e+03
   1.446079800000e+03
   1.772581400000e+03
   1.259741600000e+03
   1.458295200000e+03
   1.212979800000e+03
   1.147387000000e+03
   8.799308000000e+02
   1.145935200000e+03
   6.382676000000e+02
   8.682510000000e+02
   6.174538000000e+02
   6.778296000000e+02
