  -6.986068000000e+02
  -6.965848000000e+02
  -6.906244000000e+02
  -6.874640000000e+02
  -6.859948000000e+02
  -6.819376000000e+02
  -6.787720000000e+02
  -6.761456000000e+02
  -6.749268000000e+02
  -6.692312000000e+02
  -6.652036000000e+02
  -6.576972000000e+02
  -6.552580000000e+02
  -6.537248000000e+02
  -6.489316000000e+02
  -6.440164000000e+02
  -6.352660000000e+02
  -6.311068000000e+02
  -6.275688000000e+02
  -6.155784000000e+02
  -6.212640000000e+02
  -6.096420000000e+02
  -6.045792000000e+02
  -5.930684000000e+02
  -5.984268000000e+02
  -5.870816000000e+02
  -5.799652000000e+02
  -5.673208000000e+02
  -5.647852000000e+02
  -5.694472000000e+02
  -5.556224000000e+02
  -5.500396000000e+02
  -5.437476000000e+02
  -5.354924000000e+02
  -5.294340000000e+02
  -5.144972000000e+02
  -5.136620000000e+02
  -5.102572000000e+02
  -4.968376000000e+02
  -4.938364000000e+02
