  -2.792386800000e+03
  -2.783507600000e+03
  -2.771195600000e+03
  -2.754391200000e+03
  -2.742618800000e+03
  -2.728882800000e+03
  -2.716068400000e+03
  -2.699784800000e+03
  -2.688032400000e+03
  -2.672860800000e+03
  -2.647309200000e+03
  -2.641766000000e+03
  -2.624487600000e+03
  -2.610116800000e+03
  -2.589941200000e+03
  -2.566362400000e+03
  -2.552410800000e+03
  -2.533511600000e+03
  -2.510628000000e+03
  -2.480189600000e+03
  -2.455128800000e+03
  -2.438994800000e+03
  -2.392173600000e+03
  -2.369112800000e+03
  -2.362296000000e+03
  -2.339098000000e+03
  -2.289326000000e+03
  -2.273560000000e+03
  -2.261713600000e+03
  -2.176246800000e+03
  -2.207699600000e+03
  -2.149944000000e+03
  -2.094567600000e+03
  -2.089968800000e+03
  -2.048357600000e+03
  -2.015073200000e+03
  -1.974027600000e+03
  -1.975868800000e+03
  -1.938335600000e+03
  -1.939761600000e+03
