  -6.281574800000e+03
  -6.257718800000e+03
  -6.224418400000e+03
  -6.198419200000e+03
  -6.169929200000e+03
  -6.134700800000e+03
  -6.109795200000e+03
  -6.086862800000e+03
  -6.038758000000e+03
  -6.014278400000e+03
  -5.973733200000e+03
  -5.936385200000e+03
  -5.900314800000e+03
  -5.863714400000e+03
  -5.817555600000e+03
  -5.775779200000e+03
  -5.724907600000e+03
  -5.694875600000e+03
  -5.664724400000e+03
  -5.603324800000e+03
  -5.537394400000e+03
  -5.471396000000e+03
  -5.463356000000e+03
  -5.357537200000e+03
  -5.315994000000e+03
  -5.281470400000e+03
  -5.117568800000e+03
  -5.138981200000e+03
  -4.939105200000e+03
  -4.929525200000e+03
  -4.804808400000e+03
  -4.777894400000e+03
  -4.709610800000e+03
  -4.660862400000e+03
  -4.549984000000e+03
  -4.554986400000e+03
  -4.462293600000e+03
  -4.453025600000e+03
  -4.377562800000e+03
  -4.338120800000e+03
