  -1.117553320000e+04
  -1.111495800000e+04
  -1.106964960000e+04
  -1.102779480000e+04
  -1.097654600000e+04
  -1.092241760000e+04
  -1.085313000000e+04
  -1.080277000000e+04
  -1.073459280000e+04
  -1.069082320000e+04
  -1.062169200000e+04
  -1.055824200000e+04
  -1.048875240000e+04
  -1.042192880000e+04
  -1.034848160000e+04
  -1.026507480000e+04
  -1.020212200000e+04
  -1.011464040000e+04
  -1.006273600000e+04
  -9.937665600000e+03
  -9.820047200000e+03
  -9.731637600000e+03
  -9.648588000000e+03
  -9.550360000000e+03
  -9.488125200000e+03
  -9.278959200000e+03
  -9.242926800000e+03
  -9.019298000000e+03
  -8.906397200000e+03
  -8.649361600000e+03
  -8.578018400000e+03
  -8.395284400000e+03
  -8.425298800000e+03
  -8.270447600000e+03
  -8.129125600000e+03
  -8.013369200000e+03
  -7.954862800000e+03
  -7.858833600000e+03
  -7.794802800000e+03
  -7.712876800000e+03
