   7.279774447882e-01
   7.563703065572e-01
   7.845920027828e-01
   7.865496586207e-01
   7.878146679000e-01
   8.491727208645e-01
   9.110097855047e-01
   8.972919580382e-01
   8.956238125640e-01
   9.635911244290e-01
   9.999326361551e-01
   1.040294866660e+00
   1.052688006525e+00
   1.051381544961e+00
   1.130765819221e+00
   1.122460974208e+00
   1.215234561050e+00
   1.310033223520e+00
   1.309935787495e+00
   1.309033077172e+00
   1.486273816056e+00
   1.698772742150e+00
   1.511833537297e+00
   1.564913554642e+00
   1.605929272324e+00
   1.529208433216e+00
   2.544489082318e+00
   1.885928097946e+00
   2.306689644143e+00
   2.191729789353e+00
   1.872838851332e+00
   1.892635472696e+00
   1.828290740301e+00
   1.766006206295e+00
   1.584919859919e+00
   1.674635047478e+00
   1.449828621570e+00
   1.586472318008e+00
   1.323832648618e+00
   1.421684790093e+00
