   7.200293727747e-01
   7.318400677115e-01
   7.274294951229e-01
   8.022001369094e-01
   8.041231466551e-01
   8.642987235731e-01
   8.611211834861e-01
   8.609644691035e-01
   8.665422069621e-01
   9.148095565831e-01
   1.116183892674e+00
   9.688041187873e-01
   1.041672907818e+00
   1.013069415586e+00
   1.079452595990e+00
   1.234706652897e+00
   1.184881652018e+00
   1.265957980360e+00
   1.187512794076e+00
   1.599877947962e+00
   1.541381241977e+00
   1.483570665321e+00
   1.953592044460e+00
   2.141635475812e+00
   1.708313864656e+00
   1.621102481495e+00
   2.352214245188e+00
   1.768761414582e+00
   1.853977531348e+00
   1.907706908707e+00
   1.681879850426e+00
   1.966518465233e+00
   1.703403377633e+00
   1.825260966911e+00
   1.599113650126e+00
   1.534387127342e+00
   1.337089491840e+00
   1.462436039275e+00
   1.187785460408e+00
   1.241955291389e+00
