   7.141438711000e-01
   7.232215787482e-01
   8.379161603854e-01
   7.745178050964e-01
   7.978960507910e-01
   8.099168778090e-01
   8.897474559478e-01
   8.321465685708e-01
   8.958755616632e-01
   8.442512974719e-01
   9.255638710767e-01
   1.113179003233e+00
   1.077399756761e+00
   9.485320303125e-01
   1.048569843836e+00
   1.101115043832e+00
   1.203862461579e+00
   1.244073674152e+00
   1.301893219502e+00
   1.628172534543e+00
   1.176955755673e+00
   1.618585680351e+00
   1.543936877679e+00
   1.497477672831e+00
   1.327947192418e+00
   1.498033244425e+00
   1.608547767119e+00
   1.883717082964e+00
   1.794945823149e+00
   1.583283979671e+00
   1.561326319118e+00
   1.659569112336e+00
   1.629229222725e+00
   1.673971891876e+00
   1.589942402689e+00
   1.630518825164e+00
   1.564296521241e+00
   1.439189912682e+00
   1.521693075229e+00
   1.378055049931e+00
