   6.895248006942e-01
   7.361560961162e-01
   7.677123740670e-01
   7.753367651814e-01
   8.217643543752e-01
   8.364434709656e-01
   8.539893567743e-01
   8.617349831831e-01
   9.260822223724e-01
   9.373732463592e-01
   9.892407735696e-01
   1.012679591532e+00
   1.101922062749e+00
   1.072800265408e+00
   1.145869559828e+00
   1.260462950103e+00
   1.095157574547e+00
   1.221127966508e+00
   1.206984242139e+00
   1.551861379198e+00
   1.606764503588e+00
   1.445524168677e+00
   1.710056352370e+00
   1.852387496942e+00
   1.506668239622e+00
   2.297318525684e+00
   1.812019065527e+00
   2.383814526050e+00
   2.621098991156e+00
   1.971831068092e+00
   2.208196521733e+00
   2.010810431506e+00
   2.074790611759e+00
   1.797033673953e+00
   1.594676933409e+00
   1.472547924448e+00
   1.619261033751e+00
   1.425819506144e+00
   1.441396043160e+00
   1.359831576111e+00
