   3.793312337278e-01
   5.822479645082e-01
   4.526526030660e-01
   4.441146859203e-01
   4.923934114353e-01
   8.975219967135e-01
   6.745252929140e-01
   6.733716513333e-01
   7.091269968520e-01
   7.867938335143e-01
   9.462621359460e-01
   1.067508611526e+00
   1.290606890146e+00
   1.166790632417e+00
   1.588805884981e+00
   1.580989259035e+00
   2.152729434357e+00
   2.437502324951e+00
   2.287061290772e+00
   2.596296987481e+00
   8.266587045313e+00
   9.041809515952e+00
   4.251214573083e+00
   6.980769242402e+00
   7.201175890307e+00
   7.159233070758e+00
   6.000082755250e+01
   1.808044491830e+01
   1.018803355756e+02
   6.103339134359e+01
   5.498057880725e+01
   5.472508809680e+01
   5.663558948876e+01
   6.037198724601e+01
   4.176215106393e+01
   4.152088678091e+01
   3.274952191444e+01
   4.236341022079e+01
   2.819192475369e+01
   2.765816071341e+01
