   3.528984746875e-01
   3.698902608176e-01
   3.707504698287e-01
   4.915397980114e-01
   5.497395383215e-01
   6.143641676128e-01
   6.086897048060e-01
   7.076510497898e-01
   5.876223459634e-01
   6.858949801581e-01
   1.407156022671e+00
   9.462195133798e-01
   1.249205361460e+00
   9.278707863281e-01
   1.556454165146e+00
   1.919004423839e+00
   2.015800889460e+00
   2.072765097172e+00
   1.894604809122e+00
   8.037875668693e+00
   6.086310985088e+00
   4.643276161773e+00
   1.651477321963e+01
   1.327357844037e+01
   7.909642675722e+00
   1.132958567563e+01
   2.660640611822e+01
   1.288375156223e+01
   1.464417261895e+01
   2.992958266323e+01
   1.212028990032e+01
   2.493449621229e+01
   2.738565414385e+01
   2.994020983970e+01
   3.028299924416e+01
   2.801423384895e+01
   2.379688118143e+01
   2.471188579573e+01
   1.750438619153e+01
   1.873431519683e+01
