   3.324471759500e-01
   3.619343519503e-01
   7.229811366548e-01
   4.232145524356e-01
   4.881266337739e-01
   5.189196565800e-01
   6.271604443097e-01
   5.279390210347e-01
   5.831933274495e-01
   5.741289715735e-01
   7.592454118061e-01
   1.680554974762e+00
   1.124792540696e+00
   8.107956208125e-01
   9.682825786077e-01
   1.295333363257e+00
   1.535132377831e+00
   2.757238469728e+00
   2.549396995335e+00
   5.234448602758e+00
   1.720202076949e+00
   6.400437078931e+00
   4.489733965172e+00
   4.495809750936e+00
   2.787714820969e+00
   5.704015190073e+00
   5.777318835838e+00
   9.601956618203e+00
   8.216408263033e+00
   5.685035228612e+00
   6.483021289333e+00
   7.604998104833e+00
   8.010944759957e+00
   9.559254085405e+00
   8.057851696595e+00
   9.480140761396e+00
   9.231395941646e+00
   8.602001666935e+00
   9.347552209481e+00
   9.081634919833e+00
