   3.801040020498e-01
   4.072804901981e-01
   4.836973272590e-01
   4.986773310330e-01
   5.038354322567e-01
   5.302614579814e-01
   6.275716935338e-01
   6.381748980530e-01
   8.307419669775e-01
   7.787708795245e-01
   1.229734291259e+00
   1.176428201857e+00
   1.215353884707e+00
   1.262392792957e+00
   1.724779970914e+00
   2.221857862238e+00
   1.636886587879e+00
   2.342048506133e+00
   2.109279495341e+00
   4.971589489527e+00
   9.720988764394e+00
   4.691175537319e+00
   1.021495958776e+01
   1.292696189725e+01
   6.879695353439e+00
   3.130404161762e+01
   1.112027504459e+01
   4.920875476864e+01
   6.490015841664e+01
   1.019445083925e+02
   1.040050576974e+02
   7.554083211381e+01
   7.173793445191e+01
   5.718030927178e+01
   6.301260527524e+01
   3.365366374626e+01
   4.795902428613e+01
   3.127489041779e+01
   3.426775647817e+01
   3.476605349458e+01
